10
0 5 20 60 100 1.0 450 40 2.0 1
25 30 35 39 38
1 5 44 120 100 1.0 450 40 2.0 1
50 55 60 63 62
2 5 68 180 100 1.0 450 40 2.0 1
75 80 85 87 86
3 5 92 60 100 1.0 450 40 2.0 1
100 105 110 111 109
4 5 116 120 100 1.0 450 40 2.0 1
125 130 135 134 133
5 5 140 180 100 1.0 450 40 2.0 1
145 150 155 159 158
6 5 164 60 100 1.0 450 40 2.0 1
170 175 180 183 182
7 5 188 120 100 1.0 450 40 2.0 1
195 200 205 207 206
8 5 32 180 100 1.0 450 40 2.0 1
56 81 106 131 156
9 5 176 60 100 1.0 450 40 2.0 1
16 40 64 88 112
